{
 "cells": [
  {
   "cell_type": "code",
   "metadata": {
    "ExecuteTime": {
     "end_time": "2024-05-20T22:19:28.619172Z",
     "start_time": "2024-05-20T22:19:25.919439Z"
    }
   },
   "source": [
    "# Import some useful libraries\n",
    "import sys, os\n",
    "import numpy as np\n",
    "import h5py\n",
    "import matplotlib.pyplot as plt\n",
    "import seaborn as sns"
   ],
   "outputs": [],
   "execution_count": 33
  },
  {
   "cell_type": "markdown",
   "metadata": {},
   "source": [
    "## Part 2: SCA on ECC implementation\n",
    "In part 2, we implement a template attack against Elliptic-Curve Cryptography (ECC) implemented on ARM Cortex-M4. The algorithm used is Ed25519 (the EdDSA with the parameters of Curve25519 is referred to as Ed25519).\n",
    "\n",
    "EdDSA is a variant of the Schnorr digital signature scheme using Twisted Edward Curves, a subgroup of elliptic curves that uses unified formulas, enabling speed-ups for specific curve parameters. This algorithm proposes a deterministic generation of the ephemeral key, different for every message, to prevent flaws from a biased random number generator.\n",
    "The ephemeral key $r$ is made of the hash value of the message $M$ and the auxiliary key $b$, generating a unique ephemeral public key $R$ for every message.\n",
    "In this attack, we focus on recovering the ephemeral key by using only one trace of the full scalar multiplication.\n",
    "\n",
    "The implementation of Ed25519 on Cortex-M4 is a window-based method with radix-16, making use of a precomputed table containing results of the scalar multiplication of $16^i |r_i| \\cdot G$, where $r_i\\in [-8,7]\\cap \\mathbb{Z}$ and $G$ is the base point of Curve25519.\n",
    "\n",
    "To recover the complete key, we will need to operate in the dive-and-conquer approach and recover the 16 parts of the ephemeral key associated with each iteration of the scalar multiplication.\n",
    "\n",
    "The trace set contains different iterations of the scalar multiplication.\n",
    "The traceset (78MB) (6\\,400 traces, 1k samples each) can be downloaded [here](https://github.com/leoweissbart/MachineLearningBasedSideChannelAttackonEdDSA/raw/master/databaseEdDSA.h5).\n",
    "The traceset is divided in ['Attack\\_traces', 'Profiling\\_traces'] and each set contains ['traces', 'label'] containing traces with associated labels. "
   ]
  },
  {
   "cell_type": "markdown",
   "metadata": {},
   "source": [
    "### 1) Load dataset"
   ]
  },
  {
   "cell_type": "code",
   "metadata": {
    "ExecuteTime": {
     "end_time": "2024-05-21T00:17:19.751950Z",
     "start_time": "2024-05-21T00:17:19.696926Z"
    }
   },
   "source": [
    "### Load dataset\n",
    "datasetFileName = os.getcwd() + '/databaseEdDSA.h5'\n",
    "f = h5py.File(datasetFileName,'r')\n",
    "train_data = np.array(f['Profiling_traces/traces'])\n",
    "train_targets = np.array(f['Profiling_traces/label'])\n",
    "test_data = np.array(f['Attack_traces/traces'])\n",
    "test_targets = np.array(f['Attack_traces/label'])\n",
    "\n",
    "# Print the shape of the loaded data\n",
    "print(\"Training data shape: \", train_data.shape)\n",
    "print(\"Training labels shape: \", train_targets.shape)\n",
    "print(\"Test data shape: \", test_data.shape)\n",
    "print(\"Test labels shape: \", test_targets.shape)\n",
    "print(\"Total number of traces: \", train_data.shape[0] + test_data.shape[0])\n",
    "print(\"Total number of classes: \", len(np.unique(train_targets)))\n",
    "\n",
    "# Print the test targets to verify the data in hexadecimal format\n",
    "print(\"Test targets: \", [hex(t) for t in test_targets])"
   ],
   "outputs": [
    {
     "name": "stdout",
     "output_type": "stream",
     "text": [
      "Training data shape:  (5120, 1000)\n",
      "Training labels shape:  (5120,)\n",
      "Test data shape:  (1280, 1000)\n",
      "Test labels shape:  (1280,)\n",
      "Total number of traces:  6400\n",
      "Total number of classes:  16\n",
      "Test targets:  ['0xf', '0x0', '0xc', '0x4', '0xa', '0x3', '0xc', '0x9', '0x0', '0xa', '0x6', '0x7', '0x7', '0xd', '0xc', '0xa', '0x6', '0x6', '0x3', '0xb', '0xd', '0x3', '0x6', '0x8', '0x2', '0xa', '0xc', '0x9', '0x1', '0xc', '0x1', '0xe', '0x3', '0x1', '0x2', '0x5', '0x5', '0x7', '0x8', '0x4', '0x5', '0xc', '0x8', '0xd', '0xa', '0xb', '0x9', '0x8', '0x3', '0xa', '0x1', '0x2', '0x6', '0x7', '0x6', '0x1', '0xf', '0xe', '0xd', '0x7', '0x2', '0xc', '0x6', '0x3', '0xd', '0x2', '0xe', '0xe', '0x3', '0xb', '0xf', '0x5', '0xa', '0x6', '0x4', '0x5', '0xd', '0x7', '0x7', '0xd', '0x0', '0x2', '0x2', '0xc', '0x1', '0xa', '0x2', '0xc', '0x7', '0x5', '0xa', '0x4', '0x9', '0x0', '0xb', '0x2', '0xd', '0x0', '0xd', '0x7', '0xf', '0x2', '0x3', '0x8', '0x5', '0xc', '0x5', '0x3', '0xe', '0x1', '0x5', '0xd', '0xf', '0xf', '0x9', '0x0', '0x3', '0xe', '0x3', '0x5', '0x3', '0xc', '0x3', '0xb', '0x1', '0xa', '0xf', '0x9', '0xc', '0x8', '0xd', '0x1', '0xd', '0xe', '0xf', '0xb', '0xe', '0x7', '0x2', '0x0', '0xc', '0x4', '0x0', '0x8', '0xb', '0x6', '0x3', '0x8', '0x8', '0xa', '0xa', '0x9', '0x2', '0x3', '0x1', '0x5', '0xa', '0x2', '0x2', '0x8', '0xb', '0x9', '0x5', '0xd', '0x4', '0x2', '0x2', '0xf', '0xc', '0xb', '0x0', '0x6', '0x5', '0x0', '0xb', '0x0', '0x6', '0x8', '0x2', '0x4', '0x7', '0xa', '0x8', '0x8', '0x1', '0x5', '0xe', '0xf', '0x7', '0xa', '0xb', '0xb', '0x0', '0x5', '0x0', '0x7', '0x6', '0x9', '0x4', '0x4', '0x2', '0xf', '0xd', '0x5', '0xf', '0x6', '0x8', '0x5', '0xf', '0xf', '0x7', '0xc', '0x4', '0x2', '0x0', '0x3', '0x7', '0x6', '0xe', '0x6', '0x1', '0x6', '0x5', '0xd', '0xb', '0xa', '0x8', '0x8', '0xf', '0xf', '0x9', '0x4', '0xc', '0x7', '0xb', '0xc', '0x8', '0x0', '0x9', '0xc', '0x0', '0x7', '0xb', '0xd', '0x5', '0x4', '0xd', '0x8', '0x7', '0x5', '0x0', '0xa', '0x1', '0xc', '0xe', '0x1', '0x0', '0xb', '0x5', '0x9', '0xa', '0xf', '0x8', '0xd', '0x1', '0xb', '0x6', '0xd', '0xa', '0xb', '0x5', '0x9', '0x2', '0xd', '0x3', '0x6', '0x7', '0x6', '0xd', '0x7', '0xc', '0xc', '0x7', '0x8', '0x9', '0x9', '0x3', '0xc', '0x5', '0xd', '0x7', '0x2', '0x5', '0x0', '0x4', '0xa', '0x8', '0x5', '0x1', '0x7', '0x1', '0x6', '0xe', '0xd', '0x9', '0x8', '0x6', '0x6', '0x5', '0x6', '0xe', '0x2', '0xb', '0x0', '0xe', '0x6', '0x6', '0xc', '0x0', '0x7', '0x5', '0xb', '0x6', '0x3', '0xe', '0x0', '0x4', '0xf', '0xc', '0x1', '0x5', '0xc', '0xf', '0x4', '0x2', '0x7', '0x8', '0xa', '0x6', '0xa', '0x7', '0x1', '0x7', '0x3', '0xe', '0x6', '0xc', '0xc', '0xc', '0xc', '0xe', '0x6', '0x9', '0xf', '0xa', '0x8', '0xa', '0x0', '0x4', '0xe', '0xb', '0x2', '0x9', '0xf', '0xb', '0x2', '0x6', '0xa', '0xb', '0x3', '0x1', '0xa', '0x9', '0x1', '0xa', '0x1', '0x6', '0x4', '0x1', '0xa', '0xb', '0x7', '0x6', '0x6', '0x9', '0x8', '0xe', '0x2', '0x6', '0xe', '0x4', '0xf', '0x7', '0xa', '0x9', '0xa', '0x1', '0x6', '0xc', '0x2', '0x0', '0x3', '0xb', '0x2', '0x5', '0x2', '0x4', '0x6', '0xc', '0x4', '0xc', '0xa', '0xa', '0xa', '0x5', '0x0', '0x3', '0xc', '0x9', '0xa', '0xc', '0xf', '0xb', '0xe', '0x3', '0xc', '0x0', '0xc', '0x4', '0xb', '0x9', '0x4', '0x1', '0xd', '0x2', '0xe', '0x8', '0xb', '0xf', '0xe', '0xf', '0x1', '0x6', '0x2', '0x4', '0x2', '0x9', '0x1', '0xc', '0x5', '0x5', '0x8', '0x7', '0xe', '0xc', '0xd', '0xb', '0xa', '0x9', '0xa', '0x1', '0xf', '0x8', '0x3', '0xc', '0xf', '0x4', '0x5', '0x2', '0x0', '0x6', '0x5', '0x8', '0xc', '0x9', '0x0', '0x1', '0xc', '0xe', '0x3', '0x3', '0xe', '0xf', '0x3', '0x2', '0x6', '0x9', '0x6', '0x2', '0xe', '0xa', '0xe', '0xe', '0xf', '0xf', '0xb', '0xe', '0xb', '0xc', '0x5', '0x3', '0xa', '0xf', '0xf', '0x5', '0xd', '0xb', '0x1', '0x7', '0xd', '0x6', '0x0', '0xa', '0xa', '0xa', '0x8', '0x3', '0xf', '0x5', '0x6', '0xc', '0x8', '0x8', '0x3', '0x3', '0xb', '0xd', '0xa', '0x7', '0xc', '0x9', '0x2', '0xd', '0x1', '0xd', '0x6', '0xa', '0xf', '0x2', '0xe', '0x5', '0x9', '0x7', '0xc', '0xe', '0x1', '0x6', '0xb', '0x5', '0x4', '0x0', '0x5', '0x1', '0x2', '0x8', '0x0', '0x6', '0x4', '0xc', '0xa', '0x8', '0x8', '0x2', '0x3', '0x2', '0x1', '0x9', '0xe', '0x5', '0x1', '0x4', '0x3', '0x4', '0xb', '0x7', '0x2', '0xc', '0x4', '0xd', '0x8', '0x5', '0xa', '0x5', '0xa', '0x6', '0x9', '0x0', '0x4', '0x0', '0x6', '0xf', '0x8', '0x5', '0xb', '0x6', '0x0', '0x3', '0x1', '0x8', '0xb', '0x4', '0x5', '0xb', '0x1', '0x8', '0x2', '0xc', '0x0', '0x7', '0x4', '0xe', '0x3', '0xd', '0x1', '0x5', '0x1', '0x7', '0xa', '0xf', '0xa', '0xd', '0x9', '0x3', '0x4', '0x6', '0xc', '0xc', '0x1', '0x7', '0xe', '0x9', '0x9', '0xa', '0x7', '0x1', '0x4', '0x8', '0xd', '0xd', '0x6', '0xb', '0xa', '0x3', '0x1', '0x6', '0x9', '0x7', '0x1', '0x2', '0x2', '0x0', '0xc', '0xc', '0xa', '0x4', '0xa', '0xe', '0xd', '0xe', '0xe', '0x8', '0xa', '0xb', '0xb', '0x7', '0xe', '0xb', '0x6', '0x1', '0x0', '0x8', '0x8', '0xe', '0xb', '0x4', '0xc', '0xd', '0x6', '0x2', '0x8', '0x5', '0xc', '0x7', '0x6', '0x6', '0x4', '0x9', '0xc', '0xe', '0x1', '0xb', '0xe', '0x3', '0xb', '0x2', '0xd', '0x4', '0xb', '0xe', '0xb', '0x7', '0x4', '0xd', '0xc', '0x0', '0xe', '0x0', '0x7', '0x3', '0x6', '0x5', '0x9', '0x7', '0xd', '0xb', '0xc', '0x0', '0x2', '0xc', '0x7', '0x0', '0x5', '0x7', '0xb', '0xb', '0xf', '0x5', '0x8', '0x4', '0x1', '0xf', '0xf', '0x2', '0x7', '0x9', '0x8', '0x1', '0x8', '0x1', '0x9', '0xd', '0x0', '0xa', '0x5', '0xc', '0xc', '0x6', '0xa', '0xc', '0x3', '0x3', '0xb', '0x4', '0x9', '0x0', '0xc', '0xa', '0xe', '0xe', '0xc', '0x5', '0xc', '0xf', '0x5', '0xa', '0x0', '0x4', '0xb', '0xf', '0x7', '0x3', '0xc', '0x9', '0x9', '0xd', '0x3', '0x9', '0x2', '0x8', '0x5', '0xf', '0x5', '0xc', '0x7', '0x2', '0x1', '0x2', '0xe', '0xc', '0x0', '0xa', '0x6', '0xd', '0x4', '0x3', '0x7', '0x1', '0x8', '0xb', '0x0', '0x4', '0x2', '0x6', '0x0', '0xe', '0x1', '0x0', '0x2', '0xd', '0x1', '0x0', '0xd', '0xc', '0xe', '0x9', '0x1', '0xb', '0x6', '0x0', '0xc', '0xa', '0x8', '0x5', '0x9', '0x4', '0xf', '0x4', '0xf', '0x4', '0x0', '0x2', '0x5', '0x4', '0x6', '0x8', '0xb', '0x4', '0x6', '0xa', '0x0', '0xa', '0x2', '0x1', '0xa', '0x2', '0x5', '0xd', '0xa', '0x3', '0x7', '0x7', '0x8', '0x3', '0xd', '0xe', '0x5', '0xb', '0xd', '0x6', '0x6', '0xf', '0xb', '0x8', '0x4', '0x8', '0xa', '0x6', '0x2', '0xf', '0x2', '0x9', '0x2', '0xf', '0xb', '0x4', '0x8', '0x0', '0x7', '0x3', '0x3', '0xc', '0x7', '0x0', '0x2', '0xf', '0xf', '0xe', '0x7', '0xc', '0xb', '0x6', '0xd', '0x7', '0x3', '0xc', '0x4', '0x1', '0x3', '0x6', '0xe', '0x9', '0x1', '0x8', '0x5', '0xb', '0x8', '0x5', '0x6', '0x4', '0x7', '0x4', '0x2', '0xa', '0xb', '0x2', '0x1', '0x9', '0x3', '0xd', '0xd', '0xa', '0xc', '0xc', '0x2', '0x3', '0x5', '0xe', '0x4', '0x6', '0x2', '0x5', '0x8', '0x2', '0x5', '0xb', '0x3', '0xa', '0x8', '0x0', '0x2', '0x8', '0xf', '0x8', '0x4', '0xa', '0x6', '0x4', '0x1', '0xe', '0x0', '0x8', '0xe', '0x5', '0x2', '0xf', '0x1', '0xa', '0xa', '0x0', '0x1', '0xe', '0xe', '0xd', '0xb', '0xd', '0x6', '0x4', '0x1', '0x2', '0xd', '0x1', '0x5', '0x1', '0xf', '0x2', '0x5', '0x4', '0x8', '0xf', '0x5', '0x2', '0x8', '0x0', '0x4', '0xe', '0x7', '0x6', '0x8', '0x2', '0x5', '0x7', '0xc', '0x5', '0x9', '0xe', '0xd', '0xb', '0xb', '0xb', '0x3', '0x7', '0xc', '0xf', '0xb', '0x5', '0x9', '0x0', '0x8', '0xd', '0x2', '0x7', '0x1', '0xd', '0x6', '0xa', '0x2', '0x4', '0x0', '0x4', '0x1', '0x9', '0x0', '0xe', '0x1', '0x3', '0xa', '0x1', '0xc', '0x9', '0x1', '0x6', '0x3', '0x9', '0xe', '0xe', '0x0', '0x3', '0x1', '0x1', '0x9', '0x7', '0x3', '0x5', '0x2', '0x5', '0x2', '0x4', '0xe', '0xc', '0x7', '0xb', '0xa', '0xc', '0xb', '0xc', '0xc', '0x3', '0x0', '0x5', '0x3', '0x1', '0x6', '0x2', '0x2', '0x8', '0x8', '0x9', '0x8', '0x5', '0xb', '0xb', '0x1', '0x0', '0x0', '0x9', '0x6', '0xb', '0x4', '0x5', '0x1', '0xd', '0x5', '0x6', '0x4', '0x2', '0x1', '0xc', '0x0', '0x3', '0x4', '0x8', '0x4', '0xb', '0xa', '0xc', '0xc', '0x5', '0xc', '0x4', '0xe', '0x2', '0x3', '0x0', '0xf', '0x6', '0x4', '0xb', '0xa', '0x5', '0x3', '0xf', '0xe', '0xb', '0x7', '0x1', '0x8', '0x4', '0xc', '0x0', '0x0', '0x1', '0x1', '0xe', '0xe', '0xd', '0xf', '0xd', '0xa', '0x1', '0x7', '0xe', '0x7', '0x2', '0xd', '0xf', '0x2', '0xe', '0xf', '0x6', '0x4', '0xc', '0x0', '0x5', '0x0', '0x0', '0xc', '0x7', '0xb', '0x9', '0x3', '0x7', '0x5', '0xd', '0x0', '0xe', '0x1', '0xe', '0x6', '0xf', '0x2', '0x8', '0x0', '0x9', '0x3', '0x0', '0x1', '0xe', '0xa', '0x9', '0xb', '0xd', '0xd', '0xa', '0x3', '0xa', '0x4', '0x1', '0xa', '0xc', '0x4', '0x7', '0x3', '0xf', '0xe', '0x9', '0xb', '0x8', '0x2', '0x4', '0x7', '0xd', '0x0', '0x8', '0xd', '0xe', '0x6', '0x3', '0x7', '0xb', '0x9', '0xe', '0x0', '0x7', '0xc', '0x0', '0x1', '0x0', '0x1', '0x3', '0x6', '0x1', '0xb', '0x3', '0xf', '0x6', '0x9', '0x4', '0x3', '0x8', '0x4', '0x0', '0x6', '0x1', '0x5', '0xf', '0x8', '0x9', '0xd', '0xd', '0x7', '0x5', '0xa', '0xc', '0x4', '0x9', '0x6', '0x0', '0x3', '0x0', '0xa', '0x4', '0xe', '0xc', '0x9', '0x3', '0x7', '0xa', '0x1', '0xc', '0x3', '0x9', '0xe', '0x2', '0xe', '0x3', '0xa', '0x7', '0x3', '0x6', '0x4', '0xc', '0x9', '0x3', '0xa', '0xb', '0x5', '0xf', '0x0', '0x2', '0x4', '0xb', '0x3', '0x9', '0xf', '0x8', '0xb', '0x9', '0x9', '0xa', '0x6']\n"
     ]
    }
   ],
   "execution_count": 111
  },
  {
   "metadata": {},
   "cell_type": "markdown",
   "source": [
    "### 2) Build the template\n",
    "Sort the training data by class, according to the training labels (i.e. the different nibble values).\n",
    "Build multivariate templates for all operations using principal component analysis.\n",
    "Perform the following procedure (also available [here](https://www.iacr.org/archive/ches2006/01/01.pdf)).\n",
    "1.  Compute the mean of the all operation $\\bar{\\mu} = \\frac{1}{n\\_classes} ∗ \\sum_{k=1}^{n\\_classes} \\mu_k$ , where $\\mu_k$ is the mean of operation $k$.\n",
    "2.  Compute $B = \\frac{1}{n\\_classes} ∗ \\sum_{k=1}^{n\\_classes} (\\mu_k − \\bar{\\mu}) ∗ (\\mu_k − \\bar{\\mu})^T$ . The result is a 1000 x 1000 matrix.\n",
    "3. Perform the singular value decomposition of B, using `U,S,V = np.linalg.svd(B)`.\n",
    "4. Choose the number of principal components (dimensions), $m$, that you want, i.e. perform `U_reduced = U[:,:m]`. The shape of `U_reduces` is `(1000, m)`.\n",
    "Choose $m$ by adding your two student numbers mod 5 and looking to the following table.\n",
    "| (sNum1+SNum2) mod 5 | number of principal components |\n",
    "| --- | --- |\n",
    "| 0 | [2,8]   |\n",
    "| 1 | [3,9]  |\n",
    "| 2 | [4,10]  |\n",
    "| 3 | [5,11]  |\n",
    "<br>\n",
    "5. Project all datasets (profiling and attack datasets)  using `U_reduced`, i.e. perform matrix multiplication to produce matrices of shape `(n_train_traces, m)` and `(n_test_traces, m)`.\n",
    "6. Compute the mean vector and the covariance matrix from the projected training dataset, i.e. build the multivariate templates using Numpy functions `np.mean` and `np.cov`."
   ]
  },
  {
   "cell_type": "code",
   "metadata": {
    "ExecuteTime": {
     "end_time": "2024-05-20T22:19:33.301685Z",
     "start_time": "2024-05-20T22:19:33.261405Z"
    }
   },
   "source": [
    "# Sort the training data by class\n",
    "num_classes = 16\n",
    "class_traces = [[] for _ in range(num_classes)]\n",
    "\n",
    "for i in range(train_data.shape[0]):\n",
    "    label = train_targets[i]\n",
    "    class_traces[label].append(train_data[i])\n",
    "    \n",
    "# Convert lists to numpy arrays\n",
    "class_traces = [np.array(class_traces[i]) for i in range(num_classes)]\n",
    "    \n",
    "# Print the number of traces per class\n",
    "for i in range(num_classes):\n",
    "    print(\"Number of traces for class \", i, \" : \", len(class_traces[i]))"
   ],
   "outputs": [
    {
     "name": "stdout",
     "output_type": "stream",
     "text": [
      "Number of traces for class  0  :  317\n",
      "Number of traces for class  1  :  314\n",
      "Number of traces for class  2  :  315\n",
      "Number of traces for class  3  :  321\n",
      "Number of traces for class  4  :  320\n",
      "Number of traces for class  5  :  316\n",
      "Number of traces for class  6  :  313\n",
      "Number of traces for class  7  :  325\n",
      "Number of traces for class  8  :  323\n",
      "Number of traces for class  9  :  330\n",
      "Number of traces for class  10  :  314\n",
      "Number of traces for class  11  :  317\n",
      "Number of traces for class  12  :  306\n",
      "Number of traces for class  13  :  332\n",
      "Number of traces for class  14  :  322\n",
      "Number of traces for class  15  :  335\n"
     ]
    }
   ],
   "execution_count": 36
  },
  {
   "cell_type": "code",
   "metadata": {
    "ExecuteTime": {
     "end_time": "2024-05-20T22:19:33.769780Z",
     "start_time": "2024-05-20T22:19:33.755223Z"
    }
   },
   "source": [
    "# Calculate the mean of each class\n",
    "mean_vectors = np.zeros((num_classes, train_data.shape[1]))\n",
    "for i in range(num_classes):\n",
    "    mean_vectors[i] = np.mean(class_traces[i], axis=0)\n",
    "\n",
    "# Compute the mean of all operations\n",
    "overall_mean = np.mean(mean_vectors, axis=0)\n",
    "\n",
    "print(\"Shape of the mean vectors: \", mean_vectors.shape)\n",
    "print(\"Shape of the overall mean vector: \", overall_mean.shape)"
   ],
   "outputs": [
    {
     "name": "stdout",
     "output_type": "stream",
     "text": [
      "Shape of the mean vectors:  (16, 1000)\n",
      "Shape of the overall mean vector:  (1000,)\n"
     ]
    }
   ],
   "execution_count": 37
  },
  {
   "cell_type": "code",
   "metadata": {
    "ExecuteTime": {
     "end_time": "2024-05-20T22:19:34.393181Z",
     "start_time": "2024-05-20T22:19:34.264296Z"
    }
   },
   "source": [
    "# Compute B matrix\n",
    "B = np.zeros((train_data.shape[1], train_data.shape[1]))\n",
    "for i in range(num_classes):\n",
    "    diff = (mean_vectors[i] - overall_mean).reshape(-1, 1)\n",
    "    B += np.dot(diff, diff.T)\n",
    "B /= num_classes\n",
    "\n",
    "# Print the shape of the B matrix\n",
    "print(\"Shape of the B matrix: \", B.shape)"
   ],
   "outputs": [
    {
     "name": "stdout",
     "output_type": "stream",
     "text": [
      "Shape of the B matrix:  (1000, 1000)\n"
     ]
    }
   ],
   "execution_count": 38
  },
  {
   "metadata": {
    "ExecuteTime": {
     "end_time": "2024-05-20T22:19:36.516120Z",
     "start_time": "2024-05-20T22:19:35.053245Z"
    }
   },
   "cell_type": "code",
   "source": [
    "# Perform singular value decomposition\n",
    "U, S, V = np.linalg.svd(B)\n",
    "\n",
    "# Print information about the singular values\n",
    "print(\"Shape of U: \", U.shape)\n",
    "print(\"Shape of S: \", S.shape)\n",
    "print(\"Shape of V: \", V.shape)"
   ],
   "outputs": [
    {
     "name": "stdout",
     "output_type": "stream",
     "text": [
      "Shape of U:  (1000, 1000)\n",
      "Shape of S:  (1000,)\n",
      "Shape of V:  (1000, 1000)\n"
     ]
    }
   ],
   "execution_count": 39
  },
  {
   "metadata": {
    "ExecuteTime": {
     "end_time": "2024-05-20T22:19:37.213260Z",
     "start_time": "2024-05-20T22:19:37.200052Z"
    }
   },
   "cell_type": "code",
   "source": [
    "# Choose the number of principal components\n",
    "sNum1 = 1132644  # Student number 1\n",
    "sNum2 = 1112354  # Student number 2\n",
    "m_values = [(2, 8), (3, 9), (4, 10), (5, 11)]\n",
    "m_index = (sNum1 + sNum2) % 5\n",
    "m1, m2 = m_values[m_index]\n",
    "\n",
    "# Print the chosen number of principal components\n",
    "print(\"Chosen index: \", m_index)\n",
    "print(\"Chosen number of principal components: \", m1, m2)"
   ],
   "outputs": [
    {
     "name": "stdout",
     "output_type": "stream",
     "text": [
      "Chosen index:  3\n",
      "Chosen number of principal components:  5 11\n"
     ]
    }
   ],
   "execution_count": 40
  },
  {
   "metadata": {
    "ExecuteTime": {
     "end_time": "2024-05-20T22:34:58.579131Z",
     "start_time": "2024-05-20T22:34:58.566519Z"
    }
   },
   "cell_type": "code",
   "source": [
    "# Function to project data and build templates\n",
    "def build_templates(U_reduced, train_data, train_targets, num_classes):\n",
    "    # Project all datasets using U_reduced\n",
    "    projected_train_data = np.dot(train_data, U_reduced)\n",
    "    \n",
    "    # Compute the mean vector and the covariance matrix from the projected training dataset\n",
    "    mean_matrix = np.zeros((num_classes, U_reduced.shape[1]))\n",
    "    cov_matrix = np.zeros((num_classes, U_reduced.shape[1], U_reduced.shape[1]))\n",
    "    \n",
    "    for i in range(num_classes):\n",
    "        projected_class_data = projected_train_data[train_targets == i]\n",
    "        mean_matrix[i] = np.mean(projected_class_data, axis=0)\n",
    "        cov_matrix[i] = np.cov(projected_class_data, rowvar=False)\n",
    "    \n",
    "    return mean_matrix, cov_matrix, projected_train_data"
   ],
   "outputs": [],
   "execution_count": 62
  },
  {
   "metadata": {
    "ExecuteTime": {
     "end_time": "2024-05-20T22:34:58.718040Z",
     "start_time": "2024-05-20T22:34:58.689319Z"
    }
   },
   "cell_type": "code",
   "source": [
    "# Let's choose the first value of m for simplicity, but you can try both m1 and m2\n",
    "m = m1\n",
    "U_reduced = U[:, :m]\n",
    "\n",
    "# Project all datasets using U_reduced\n",
    "projected_train_data = np.dot(train_data, U_reduced)\n",
    "projected_test_data = np.dot(test_data, U_reduced)\n",
    "\n",
    "# Print the shape of the projected datasets\n",
    "print(\"Shape of the projected training data: \", projected_train_data.shape)\n",
    "print(\"Shape of the projected test data: \", projected_test_data.shape)"
   ],
   "outputs": [
    {
     "name": "stdout",
     "output_type": "stream",
     "text": [
      "Shape of the projected training data:  (5120, 5)\n",
      "Shape of the projected test data:  (1280, 5)\n"
     ]
    }
   ],
   "execution_count": 63
  },
  {
   "metadata": {
    "ExecuteTime": {
     "end_time": "2024-05-20T22:42:29.322942Z",
     "start_time": "2024-05-20T22:42:29.297024Z"
    }
   },
   "cell_type": "code",
   "source": [
    "# Compute the mean vector and the covariance matrix from the projected training dataset\n",
    "mean_matrix = np.zeros((num_classes, m))\n",
    "cov_matrix = np.zeros((num_classes, m, m))\n",
    "\n",
    "for i in range(num_classes):\n",
    "    projected_class_data = projected_train_data[train_targets == i]\n",
    "    mean_matrix[i] = np.mean(projected_class_data, axis=0)\n",
    "    cov_matrix[i] = np.cov(projected_class_data, rowvar=False)\n",
    "    \n",
    "# Print the mean and covariance matrices for verification\n",
    "for i in range(num_classes):\n",
    "    print(f\"Class {i}:\")\n",
    "    print(f\"Mean: {mean_matrix[i]}\")\n",
    "    print(f\"Covariance Matrix: \\n{cov_matrix[i]}\")"
   ],
   "outputs": [
    {
     "name": "stdout",
     "output_type": "stream",
     "text": [
      "Class 0:\n",
      "Mean: [-0.24518965 -0.02901233 -0.13005212  0.06481997  0.05005056]\n",
      "Covariance Matrix: \n",
      "[[ 1.86485031e-03 -7.53253145e-04  3.10274732e-04 -7.01130566e-04\n",
      "   2.63253309e-05]\n",
      " [-7.53253145e-04  7.18756813e-04  1.85223393e-04  2.47517423e-04\n",
      "  -1.92414242e-04]\n",
      " [ 3.10274732e-04  1.85223393e-04  5.62198621e-04 -2.81200356e-04\n",
      "  -1.80936402e-04]\n",
      " [-7.01130566e-04  2.47517423e-04 -2.81200356e-04  4.39943107e-04\n",
      "   6.11904094e-06]\n",
      " [ 2.63253309e-05 -1.92414242e-04 -1.80936402e-04  6.11904094e-06\n",
      "   2.24167386e-04]]\n",
      "Class 1:\n",
      "Mean: [ 0.17623734 -0.07458269 -0.05950601 -0.08197804  0.15140318]\n",
      "Covariance Matrix: \n",
      "[[ 1.08545402e-02  1.16275320e-03 -4.30078463e-03 -1.57721540e-03\n",
      "   9.47137067e-04]\n",
      " [ 1.16275320e-03  9.10984773e-04 -9.12568387e-04 -1.39876222e-04\n",
      "   8.94304173e-06]\n",
      " [-4.30078463e-03 -9.12568387e-04  2.70433121e-03  5.36654405e-04\n",
      "  -4.96483676e-04]\n",
      " [-1.57721540e-03 -1.39876222e-04  5.36654405e-04  6.86919846e-04\n",
      "  -1.22216338e-04]\n",
      " [ 9.47137067e-04  8.94304173e-06 -4.96483676e-04 -1.22216338e-04\n",
      "   4.68926170e-04]]\n",
      "Class 2:\n",
      "Mean: [ 0.17904829  0.0211767  -0.11309669  0.02565534 -0.19435407]\n",
      "Covariance Matrix: \n",
      "[[ 7.78306756e-03  3.15838003e-03 -3.66167995e-03 -1.86497658e-04\n",
      "  -2.91452967e-04]\n",
      " [ 3.15838003e-03  1.62174151e-03 -1.55520283e-03 -1.70310630e-04\n",
      "  -5.66266666e-05]\n",
      " [-3.66167995e-03 -1.55520283e-03  2.25939236e-03 -5.10895578e-05\n",
      "   8.50282346e-05]\n",
      " [-1.86497658e-04 -1.70310630e-04 -5.10895578e-05  2.35990609e-04\n",
      "   2.41880609e-05]\n",
      " [-2.91452967e-04 -5.66266666e-05  8.50282346e-05  2.41880609e-05\n",
      "   2.29529744e-04]]\n",
      "Class 3:\n",
      "Mean: [ 0.05809742  0.15489228 -0.05389839  0.22286442  0.07789463]\n",
      "Covariance Matrix: \n",
      "[[ 1.63864351e-03  1.27375648e-03 -7.72725779e-04 -5.60186306e-04\n",
      "   6.08092663e-04]\n",
      " [ 1.27375648e-03  1.22268682e-03 -8.20067107e-04 -2.78616921e-04\n",
      "   5.02025592e-04]\n",
      " [-7.72725779e-04 -8.20067107e-04  1.14778586e-03  1.72857536e-05\n",
      "  -3.06902716e-04]\n",
      " [-5.60186306e-04 -2.78616921e-04  1.72857536e-05  9.71720175e-04\n",
      "  -1.24296625e-04]\n",
      " [ 6.08092663e-04  5.02025592e-04 -3.06902716e-04 -1.24296625e-04\n",
      "   4.01482300e-04]]\n",
      "Class 4:\n",
      "Mean: [-0.02197299  0.25895661 -0.0360643  -0.07523989  0.05288684]\n",
      "Covariance Matrix: \n",
      "[[ 0.00221129  0.00160636 -0.00130692 -0.00181581  0.00039197]\n",
      " [ 0.00160636  0.00168817 -0.00131808 -0.00110018  0.00031964]\n",
      " [-0.00130692 -0.00131808  0.0016626   0.00096496 -0.00023674]\n",
      " [-0.00181581 -0.00110018  0.00096496  0.00248108 -0.00037524]\n",
      " [ 0.00039197  0.00031964 -0.00023674 -0.00037524  0.00019166]]\n",
      "Class 5:\n",
      "Mean: [-0.12131238  0.17048466 -0.05025938 -0.03645225 -0.02456076]\n",
      "Covariance Matrix: \n",
      "[[ 9.52088205e-04 -1.32150691e-05 -8.70094124e-04 -8.89554783e-04\n",
      "  -1.41655650e-04]\n",
      " [-1.32150691e-05  6.23626186e-04 -4.53535890e-04  1.17507243e-04\n",
      "  -1.86314018e-05]\n",
      " [-8.70094124e-04 -4.53535890e-04  1.86975242e-03  8.21298178e-04\n",
      "   8.49604226e-05]\n",
      " [-8.89554783e-04  1.17507243e-04  8.21298178e-04  1.19559953e-03\n",
      "   1.17043615e-04]\n",
      " [-1.41655650e-04 -1.86314018e-05  8.49604226e-05  1.17043615e-04\n",
      "   1.89303934e-04]]\n",
      "Class 6:\n",
      "Mean: [-0.1962434   0.06942347 -0.05865801 -0.07449497 -0.03054453]\n",
      "Covariance Matrix: \n",
      "[[ 7.28452638e-04 -4.69803215e-04 -4.90135845e-04 -4.59083523e-04\n",
      "   7.50581179e-05]\n",
      " [-4.69803215e-04  7.34283048e-04  2.52428988e-04  4.86968582e-04\n",
      "  -1.12377482e-04]\n",
      " [-4.90135845e-04  2.52428988e-04  1.57038745e-03  5.69204022e-04\n",
      "  -1.76669539e-04]\n",
      " [-4.59083523e-04  4.86968582e-04  5.69204022e-04  6.78355567e-04\n",
      "  -1.47001164e-04]\n",
      " [ 7.50581179e-05 -1.12377482e-04 -1.76669539e-04 -1.47001164e-04\n",
      "   1.08874638e-04]]\n",
      "Class 7:\n",
      "Mean: [-0.24172529 -0.03005232 -0.06402256  0.04898315 -0.00254505]\n",
      "Covariance Matrix: \n",
      "[[ 1.16292886e-03 -6.57556722e-04 -4.31664591e-04 -3.72827993e-04\n",
      "   1.05142295e-04]\n",
      " [-6.57556722e-04  1.04748374e-03  6.44456802e-04  1.82393446e-04\n",
      "  -2.26903749e-04]\n",
      " [-4.31664591e-04  6.44456802e-04  1.93177205e-03 -1.37640163e-04\n",
      "  -3.38875736e-04]\n",
      " [-3.72827993e-04  1.82393446e-04 -1.37640163e-04  3.41137281e-04\n",
      "   5.05034524e-05]\n",
      " [ 1.05142295e-04 -2.26903749e-04 -3.38875736e-04  5.05034524e-05\n",
      "   1.97336809e-04]]\n",
      "Class 8:\n",
      "Mean: [-0.23806285 -0.05480045  0.14756838  0.07469491 -0.00191379]\n",
      "Covariance Matrix: \n",
      "[[ 1.80914144e-03 -4.38334171e-04 -7.26086414e-04 -6.49997120e-04\n",
      "   2.97184255e-04]\n",
      " [-4.38334171e-04  5.17525288e-04  3.62911009e-04  1.43150203e-04\n",
      "  -2.56391327e-04]\n",
      " [-7.26086414e-04  3.62911009e-04  6.52681048e-04  1.98304039e-04\n",
      "  -2.67433914e-04]\n",
      " [-6.49997120e-04  1.43150203e-04  1.98304039e-04  4.84552859e-04\n",
      "  -7.23187034e-05]\n",
      " [ 2.97184255e-04 -2.56391327e-04 -2.67433914e-04 -7.23187034e-05\n",
      "   2.70774368e-04]]\n",
      "Class 9:\n",
      "Mean: [-0.24307398 -0.05682545  0.12172033  0.05606641 -0.02553676]\n",
      "Covariance Matrix: \n",
      "[[ 1.39454014e-03 -6.76517117e-04 -5.17553073e-04 -4.80794051e-04\n",
      "   1.55694386e-04]\n",
      " [-6.76517117e-04  8.19298176e-04  4.62052328e-04  2.19361286e-04\n",
      "  -2.21884256e-04]\n",
      " [-5.17553073e-04  4.62052328e-04  5.20067010e-04  9.71463278e-05\n",
      "  -1.63821160e-04]\n",
      " [-4.80794051e-04  2.19361286e-04  9.71463278e-05  3.43310196e-04\n",
      "  -1.17412604e-05]\n",
      " [ 1.55694386e-04 -2.21884256e-04 -1.63821160e-04 -1.17412604e-05\n",
      "   1.71661247e-04]]\n",
      "Class 10:\n",
      "Mean: [-0.19779606  0.04081543  0.12903182 -0.06986247 -0.05173594]\n",
      "Covariance Matrix: \n",
      "[[ 9.61197461e-04 -4.23982406e-04 -4.08443860e-04 -6.00894415e-04\n",
      "   2.39300870e-05]\n",
      " [-4.23982406e-04  6.52085512e-04  2.59036993e-04  2.87778526e-04\n",
      "  -8.89028245e-05]\n",
      " [-4.08443860e-04  2.59036993e-04  5.23233112e-04  2.79774298e-04\n",
      "  -9.61487479e-05]\n",
      " [-6.00894415e-04  2.87778526e-04  2.79774298e-04  6.38552114e-04\n",
      "  -3.88130256e-05]\n",
      " [ 2.39300870e-05 -8.89028245e-05 -9.61487479e-05 -3.88130256e-05\n",
      "   1.18052789e-04]]\n",
      "Class 11:\n",
      "Mean: [-0.11936761  0.14256176  0.13952618 -0.03208293 -0.04899087]\n",
      "Covariance Matrix: \n",
      "[[ 1.12704854e-03  1.13317745e-04 -4.32450273e-04 -9.05349679e-04\n",
      "  -1.38544927e-04]\n",
      " [ 1.13317745e-04  6.51833815e-04  8.09456295e-05  8.21812720e-05\n",
      "  -1.26429065e-04]\n",
      " [-4.32450273e-04  8.09456295e-05  4.87984958e-04  3.44495468e-04\n",
      "  -1.66486068e-05]\n",
      " [-9.05349679e-04  8.21812720e-05  3.44495468e-04  1.03195321e-03\n",
      "   9.88178931e-05]\n",
      " [-1.38544927e-04 -1.26429065e-04 -1.66486068e-05  9.88178931e-05\n",
      "   1.25570368e-04]]\n",
      "Class 12:\n",
      "Mean: [-0.01898903  0.23237805  0.15853679 -0.06633264  0.03132569]\n",
      "Covariance Matrix: \n",
      "[[ 2.07506419e-03  1.43667904e-03 -7.57700766e-04 -2.01749358e-03\n",
      "   2.14524979e-04]\n",
      " [ 1.43667904e-03  1.57476454e-03 -4.47660452e-04 -1.39345530e-03\n",
      "   2.37590660e-04]\n",
      " [-7.57700766e-04 -4.47660452e-04  5.93707209e-04  7.92737393e-04\n",
      "  -9.29479213e-05]\n",
      " [-2.01749358e-03 -1.39345530e-03  7.92737393e-04  2.76421411e-03\n",
      "  -2.41677371e-04]\n",
      " [ 2.14524979e-04  2.37590660e-04 -9.29479213e-05 -2.41677371e-04\n",
      "   1.55373382e-04]]\n",
      "Class 13:\n",
      "Mean: [0.05490879 0.12504404 0.1498532  0.22967264 0.0541373 ]\n",
      "Covariance Matrix: \n",
      "[[ 0.00262883  0.00157066 -0.00045609 -0.00070189  0.00062917]\n",
      " [ 0.00157066  0.00114433 -0.00028553 -0.00046064  0.00037419]\n",
      " [-0.00045609 -0.00028553  0.0003553   0.00025045 -0.00017289]\n",
      " [-0.00070189 -0.00046064  0.00025045  0.0009632  -0.00020415]\n",
      " [ 0.00062917  0.00037419 -0.00017289 -0.00020415  0.00037887]]\n",
      "Class 14:\n",
      "Mean: [ 0.18353539 -0.00803302  0.09160049  0.03247508 -0.21940047]\n",
      "Covariance Matrix: \n",
      "[[ 6.59348635e-03  2.64421479e-03 -6.14826053e-04 -4.75074470e-04\n",
      "  -6.91651674e-04]\n",
      " [ 2.64421479e-03  1.40106339e-03 -2.93816340e-04 -3.19986774e-04\n",
      "  -1.77638191e-04]\n",
      " [-6.14826053e-04 -2.93816340e-04  1.95386793e-04 -4.40339433e-06\n",
      "   2.14120395e-05]\n",
      " [-4.75074470e-04 -3.19986774e-04 -4.40339433e-06  2.80469035e-04\n",
      "   5.22301420e-05]\n",
      " [-6.91651674e-04 -1.77638191e-04  2.14120395e-05  5.22301420e-05\n",
      "   3.12870214e-04]]\n",
      "Class 15:\n",
      "Mean: [ 0.19075631 -0.10366814  0.14254249 -0.07509826  0.13158223]\n",
      "Covariance Matrix: \n",
      "[[ 6.66086875e-03  7.37651787e-04 -1.45712665e-03 -1.02357308e-03\n",
      "  -1.63800216e-04]\n",
      " [ 7.37651787e-04  6.00475306e-04 -6.47731918e-05 -2.30532002e-04\n",
      "  -1.07809040e-04]\n",
      " [-1.45712665e-03 -6.47731918e-05  5.47517622e-04  1.65493781e-04\n",
      "   4.45801455e-05]\n",
      " [-1.02357308e-03 -2.30532002e-04  1.65493781e-04  5.19259702e-04\n",
      "   1.36766871e-04]\n",
      " [-1.63800216e-04 -1.07809040e-04  4.45801455e-05  1.36766871e-04\n",
      "   1.48213329e-04]]\n"
     ]
    }
   ],
   "execution_count": 69
  },
  {
   "metadata": {
    "ExecuteTime": {
     "end_time": "2024-05-20T22:42:18.524168Z",
     "start_time": "2024-05-20T22:42:07.783342Z"
    }
   },
   "cell_type": "code",
   "source": [
    "# Check if all diagonal elements of covariance matrices are non-negative\n",
    "all_non_negative = True\n",
    "for i in range(num_classes):\n",
    "    diag_elements = np.diag(cov_matrix[i])\n",
    "    if np.any(diag_elements < 0):\n",
    "        print(f\"Negative variance found in class {i}\")\n",
    "        all_non_negative = False\n",
    "if all_non_negative:\n",
    "    print(\"All classes have non-negative variances.\")\n",
    "\n",
    "# Visualize covariance matrices using heatmaps in a 4x4 grid\n",
    "fig, axs = plt.subplots(4, 4, figsize=(20, 20))\n",
    "fig.suptitle('Covariance Matrices for All Classes', fontsize=16)\n",
    "\n",
    "for i in range(num_classes):\n",
    "    ax = axs[i // 4, i % 4]\n",
    "    sns.heatmap(cov_matrix[i], annot=True, fmt='.2g', cmap='viridis', ax=ax)\n",
    "    ax.set_title(f'Class {i}')\n",
    "\n",
    "plt.tight_layout(rect=[0, 0, 1, 0.95])\n",
    "plt.show()\n",
    "\n",
    "# Summary statistics for mean vectors and covariance matrices\n",
    "mean_flattened = mean_matrix.flatten()\n",
    "cov_flattened = cov_matrix.flatten()\n",
    "\n",
    "print(f\"Mean vector - min: {mean_flattened.min()}, max: {mean_flattened.max()}, mean: {mean_flattened.mean()}\")\n",
    "print(f\"Covariance matrix - min: {cov_flattened.min()}, max: {cov_flattened.max()}, mean: {cov_flattened.mean()}\")"
   ],
   "outputs": [
    {
     "name": "stdout",
     "output_type": "stream",
     "text": [
      "All classes have non-negative variances.\n"
     ]
    },
    {
     "data": {
      "text/plain": [
       "<Figure size 2000x2000 with 32 Axes>"
      ],
